1100001000001581
1100001000001615
1100001000001656
1100001000001623
1100001000001649
1100001000001607
1100001000001631
1100001000001599
1100001000001664
1100001000001706
1100001000001672
1100001000001730
1100001000001714
1100001000001748
1100001000001722
1100001000001698
1100001000001680
1100001000001763
1100001000001771
1100001000001755
1100001000001797
1100001000001805
1100001000001813
1100001000001821
1100001000001847
1100001000001839
1100001000001854
1100001000001870
1100001000001789
1100001000001862
1100001000001888
1100001000001904
1100001000001896
1100001000001912
1100001000001946
1100001000001938
1100001000001953
1100001000001979
1100001000001987
1100001000001995
1100001000001920
1100001000002001
1100001000001961
1100001000002019
1100001000002027
1100001000002035
1100001000002050
1100001000002076
1100001000002092
1100001000002084
1100001000002043
1100001000002100
1100001000002068
1100001000002118
1100001000002183
1100001000002159
1100001000002167
1100001000002142
1100001000002175
1100001000002134
1100001000002126
1100001000002191
1100001000002217
1100001000002225
1100001000002209
1100001000002258
1100001000002241
1100001000002233
1100001000002266
1100001000002274
1100001000002282
1100001000002316
1100001000002308
1100001000002340
1100001000002290
1100001000002332
1100001000002381
1100001000002357
1100001000002399
1100001000002324
1100001000002373
1100001000002415
1100001000002423
1100001000002407
1100001000002365
1100001000002449
1100001000002456
1100001000002431
1100001000002464
1100001000002480
1100001000002506
1100001000002514
1100001000002530
1100001000002498
1100001000002555
1100001000002522
1100001000002563
1100001000002571
1100001000002472
1100001000002548
1100001000002597
1100001000002647
1100001000002605
1100001000002589
1100001000002654
1100001000002639
1100001000002621
1100001000002613
1100001000002696
1100001000002670
1100001000002738
1100001000002720
1100001000002712
1100001000002662
1100001000002704
1100001000002688
1100001000002746
1100001000002761
1100001000002753
1100001000002787
1100001000002803
1100001000002795
1100001000002779
1100001000002811
1100001000002829
1100001000002886
1100001000002894
1100001000002902
1100001000002852
1100001000002878
1100001000002845
1100001000002860
1100001000002837
1100001000002910
1100001000002969
1100001000002977
1100001000002951
1100001000002928
1100001000002985
1100001000002936
1100001000002944
1100001000002993
1100001000003009
1100001000003025
1100001000003074
1100001000003058
1100001000003041
1100001000003033
1100001000003017
1100001000003066
1100001000003082
1100001000003090
1100001000003116
1100001000003108
1100001000003157
1100001000003140
1100001000003165
1100001000003132
1100001000003124
1100001000003173
1100001000003215
1100001000003181
1100001000003223
1100001000003231
1100001000003207
1100001000003199
1100001000003256
1100001000003249
1100001000003272
1100001000003264
1100001000003280
1100001000003314
1100001000003306
1100001000003330
1100001000003298
1100001000003355
1100001000003322
1100001000003348
1100001000003363
1100001000003371
1100001000003421
1100001000003405
1100001000003413
1100001000003439
1100001000003389
1100001000003397
1100001000003447
1100001000003470
1100001000003462
1100001000003454
1100001000003504
1100001000003488
1100001000003496
1100001000003520
1100001000003512
1100001000003538
1100001000003546
1100001000003561
1100001000003553
1100001000003587
1100001000003579
1100001000003595
1100001000003603
1100001000003629
1100001000003637
1100001000003611
1100001000003660
1100001000003645
1100001000003678
1100001000003652
1100001000003686
1100001000003702
1100001000003710
1100001000003694
1100001000003769
1100001000003744
1100001000003751
1100001000003736
1100001000003728
1100001000003777
1100001000003785
1100001000003793
1100001000003801
1100001000003835
1100001000003843
1100001000003827
1100001000003819
1100001000003868
1100001000003850
1100001000003876
1100001000003892
1100001000003884
1100001000003918
1100001000003934
1100001000003900
1100001000003926
1100001000003959
1100001000003942
1100001000003967
1100001000003983
1100001000003975
1100001000003991
1100001000004007
1100001000004015
1100001000004031
1100001000004049
1100001000004023
1100001000004064
1100001000004072
1100001000004080
1100001000004098
1100001000004114
1100001000004056
1100001000004106
1100001000004122
1100001000004130
1100001000004148
1100001000004155
1100001000004163
1100001000004171
1100001000004205
1100001000004197
1100001000004189
1100001000004221
1100001000004213
1100001000004239
1100001000004247
1100001000004270
1100001000004254
1100001000004262
1100001000004288
1100001000004296
1100001000004304
1100001000004312
1100001000004320
1100001000004346
1100001000004338
1100001000004353
1100001000004379
1100001000004361
1100001000004403
1100001000004387
1100001000004395
1100001000004429
1100001000004411
1100001000004437
1100001000004452
1100001000004445
1100001000004486
1100001000004460
1100001000004478
1100001000004494
1100001000004502
1100001000004510
1100001000004536
1100001000004528
1100001000004544
1100001000004551
1100001000004577
1100001000004569
1100001000004593
1100001000004619
1100001000004627
1100001000004601
1100001000004643
1100001000004668
1100001000004635
1100001000004585
1100001000004650
1100001000004676
1100001000004684
1100001000004726
1100001000004692
1100001000004700
1100001000004742
1100001000004718
1100001000004759
1100001000004767
1100001000004734
1100001000004775
1100001000004791
1100001000004783
1100001000004825
1100001000004833
1100001000004841
1100001000004858
1100001000004817
1100001000004809
1100001000004866
1100001000004882
1100001000004890
1100001000004932
1100001000004916
1100001000004924
1100001000004940
1100001000004908
1100001000004957
1100001000004965
1100001000004973
1100001000004874
1100001000004999
1100001000004981
1100001000005004
1100001000005012
1100001000005046
1100001000005061
1100001000005020
1100001000005053
1100001000005079
1100001000005038
1100001000005087
1100001000005095
1100001000005103
1100001000005152
1100001000005129
1100001000005137
1100001000005145
1100001000005111
1100001000005178
1100001000005160
1100001000005194
1100001000005186
1100001000005210
1100001000005202
1100001000005228
1100001000005236
1100001000005244
1100001000005251
1100001000005285
1100001000005293
1100001000005319
1100001000005269
1100001000005301
1100001000005335
1100001000005327
1100001000005277
1100001000005384
1100001000005343
1100001000005368
1100001000005376
1100001000005350
1100001000005418
1100001000005400
1100001000005392
1100001000005426
1100001000005434
1100001000005475
1100001000005483
1100001000005509
1100001000005442
1100001000005459
1100001000005467
1100001000005517
1100001000005525
1100001000005566
1100001000005491
1100001000005541
1100001000005533
1100001000005558
1100001000005574
1100001000005582
1100001000005590
1100001000005608
1100001000005632
1100001000005616
1100001000005657
1100001000005624
1100001000005665
1100001000005640
1100001000005699
1100001000005673
1100001000005681
1100001000005731
1100001000005707
1100001000005723
1100001000005715
1100001000005764
1100001000005749
1100001000005756
1100001000005780
1100001000005772
1100001000005798
1100001000005855
1100001000005814
1100001000005806
1100001000005822
1100001000005830
1100001000005848
1100001000005863
1100001000005897
1100001000005889
1100001000005905
1100001000005913
1100001000005871
1100001000005921
1100001000005939
1100001000005954
1100001000005962
1100001000005970
1100001000005988
1100001000006002
1100001000005947
1100001000005996
1100001000006028
1100001000006069
1100001000006077
1100001000006085
1100001000006036
1100001000006051
1100001000006010
1100001000006044
1100001000006093
1100001000006127
1100001000006119
1100001000006135
1100001000006143
1100001000006101
1100001000006168
1100001000006176
1100001000006150
1100001000006184
1100001000006192
1100001000006234
1100001000006218
1100001000006200
1100001000006242
1100001000006259
1100001000006226
1100001000006267
1100001000006291
1100001000006283
1100001000006309
1100001000006275
1100001000006317
1100001000006325
1100001000006341
1100001000006358
1100001000006333
1100001000006366
1100001000006374
1100001000006382
1100001000006416
1100001000006390
1100001000006408
1100001000006424
1100001000006440
1100001000006465
1100001000006432
1100001000006457
1100001000006481
1100001000006499
1100001000006473
1100001000006507
1100001000006515
1100001000006531
1100001000006523
1100001000006549
1100001000006556
1100001000006606
1100001000006598
1100001000006572
1100001000006580
1100001000006614
1100001000006564
1100001000006630
1100001000006622
1100001000006655
1100001000006713
1100001000006697
1100001000006671
1100001000006689
1100001000006648
1100001000006705
1100001000006663
1100001000006739
1100001000006721
1100001000006747
1100001000006754
1100001000006762
1100001000006770
1100001000006796
1100001000006788
1100001000006820
1100001000006804
1100001000006812
1100001000006846
1100001000006861
1100001000006853
1100001000006879
1100001000006838
1100001000006895
1100001000006903
1100001000006937
1100001000006945
1100001000006887
1100001000006952
1100001000006929
1100001000006911
1100001000006978
1100001000006960
1100001000006986
1100001000007000
1100001000006994
1100001000007026
1100001000007018
1100001000007059
1100001000007042
1100001000007034
1100001000007075
1100001000007091
1100001000007083
1100001000007125
1100001000007117
1100001000007067
1100001000007141
1100001000007133
1100001000007109
1100001000007158
1100001000007166
1100001000007174
1100001000007182
1100001000007190
1100001000007208
1100001000007216
1100001000007224
1100001000007232
1100001000007240
1100001000007257
1100001000007307
1100001000007281
1100001000007299
1100001000007315
1100001000007273
1100001000007265
1100001000007331
1100001000007323
1100001000007349
1100001000007356
1100001000007398
1100001000007372
1100001000007380
1100001000007422
1100001000007364
1100001000007406
1100001000007414
1100001000007430
1100001000007463
1100001000007448
1100001000007455
1100001000007489
1100001000007513
1100001000007471
1100001000007497
1100001000007505
1100001000007521
1100001000007554
1100001000007539
1100001000007547
1100001000007562
1100001000007596
1100001000007588
1100001000007570
1100001000007604
1100001000007620
1100001000007638
1100001000007661
1100001000007687
1100001000007646
1100001000007653
1100001000007679
1100001000007695
1100001000007612
1100001000007703
1100001000007745
1100001000007729
1100001000007711
1100001000007737
1100001000007752
1100001000007786
1100001000007760
1100001000007778
1100001000007794
1100001000007802
1100001000007810
1100001000007836
1100001000007828
1100001000007869
1100001000007844
1100001000007851
1100001000007877
1100001000007885
1100001000007893
1100001000007919
1100001000007935
1100001000007927
1100001000007901
1100001000007943
1100001000007968
1100001000007950
1100001000008008
1100001000008024
1100001000007992
1100001000007976
1100001000008032
1100001000007984
1100001000008016
1100001000008040
1100001000008057
1100001000008065
1100001000008081
1100001000008073
1100001000008099
1100001000008107
1100001000008123
1100001000008115
1100001000008164
1100001000008172
1100001000008156
1100001000008131
1100001000008198
1100001000008149
1100001000008214
1100001000008230
1100001000008248
1100001000008206
1100001000008255
1100001000008180
1100001000008222
1100001000008271
1100001000008263
1100001000008305
1100001000008289
1100001000008321
1100001000008339
1100001000008297
1100001000008313
1100001000008347
1100001000008354
1100001000008362
1100001000008370
1100001000008404
1100001000008388
1100001000008396
1100001000008412
1100001000008438
1100001000008420
1100001000008446
1100001000008453
1100001000008461
1100001000008495
1100001000008487
1100001000008479
1100001000008511
1100001000008529
1100001000008503
1100001000008537
1100001000008545
1100001000008560
1100001000008586
1100001000008552
1100001000008578
1100001000008602
1100001000008594
1100001000008628
1100001000008610
1100001000008644
1100001000008636
1100001000008651
1100001000008669
1100001000008693
1100001000008677
1100001000008701
1100001000008685
1100001000008727
1100001000008719
1100001000008735
1100001000008750
1100001000008768
1100001000008743
1100001000008776
1100001000008792
1100001000008784
1100001000008800
1100001000008826
1100001000008818
1100001000008842
1100001000008834
1100001000008859
1100001000008867
1100001000008883
1100001000008925
1100001000008917
1100001000008891
1100001000008875
1100001000008933
1100001000008909
1100001000008941
1100001000008958
1100001000008966
1100001000008974
1100001000008982
1100001000008990
1100001000009022
1100001000009014
1100001000009030
1100001000009006
1100001000009063
1100001000009071
1100001000009113
1100001000009097
1100001000009055
1100001000009105
1100001000009089
1100001000009048
1100001000009121
1100001000009139
1100001000009170
1100001000009188
1100001000009154
1100001000009147
1100001000009162
1100001000009196
1100001000009212
1100001000009204
1100001000009220
1100001000009238
1100001000009246
1100001000009261
1100001000009253
1100001000009279
1100001000009295
1100001000009287
1100001000009303
1100001000009337
1100001000009311
1100001000009345
1100001000009329
1100001000009352
1100001000009378
1100001000009360
1100001000009394
1100001000009386
1100001000009402
1100001000009444
1100001000009436
1100001000009410
1100001000009451
1100001000009469
1100001000009477
1100001000009428
1100001000009485
1100001000009501
1100001000009493
1100001000009519
1100001000009543
1100001000009535
1100001000009568
1100001000009527
1100001000009550
1100001000009584
1100001000009592
1100001000009600
1100001000009576
1100001000009634
1100001000009626
1100001000009618
1100001000009642
1100001000009659
1100001000009667
1100001000009675
1100001000009683
1100001000009691
1100001000009717
1100001000009709
1100001000009733
1100001000009725
1100001000009774
1100001000009741
1100001000009766
1100001000009782
1100001000009758
1100001000009790
1100001000009808
1100001000009816
1100001000009857
1100001000009832
1100001000009824
1100001000009840
1100001000009865
1100001000009873
1100001000009881
1100001000009949
1100001000009907
1100001000009931
1100001000009923
1100001000009915
1100001000009899
1100001000009964
1100001000009980
1100001000009956
1100001000009972
1100001000009998
1100001000010020
1100001000010038
1100001000010004
1100001000010046
1100001000010012
1100001000010095
1100001000010103
1100001000010111
1100001000010087
1100001000010079
1100001000010053
1100001000010061
1100001000010137
1100001000010129
1100001000010152
1100001000010186
1100001000010145
1100001000010178
1100001000010160
1100001000010194
1100001000010210
1100001000010269
1100001000010202
1100001000010228
1100001000010251
1100001000010293
1100001000010277
1100001000010327
1100001000010319
1100001000010301
1100001000010285
1100001000010236
1100001000010350
1100001000010335
1100001000010384
1100001000010343
1100001000010244
1100001000010368
1100001000010392
1100001000010400
1100001000010376
1100001000010418
1100001000010426
1100001000010442
1100001000010459
1100001000010475
1100001000010434
1100001000010483
1100001000010541
1100001000010517
1100001000010491
1100001000010525
1100001000010509
1100001000010467
1100001000010533
1100001000010566
1100001000010608
1100001000010590
1100001000010616
1100001000010558
1100001000010624
1100001000010574
1100001000010640
1100001000010632
1100001000010657
1100001000010665
1100001000010582
1100001000010673
1100001000010715
1100001000010707
1100001000010699
1100001000010723
1100001000010731
1100001000010681
1100001000010764
1100001000010749
1100001000010780
1100001000010772
1100001000010798
1100001000010822
1100001000010855
1100001000010830
1100001000010756
1100001000010848
1100001000010814
1100001000010806
1100001000010871
1100001000010889
1100001000010913
1100001000010897
1100001000010863
1100001000010921
1100001000010939
1100001000010947
1100001000010905
1100001000010962
1100001000010954
1100001000010970
1100001000010988
1100001000011002
1100001000010996
1100001000011028
1100001000011010
1100001000011077
1100001000011051
1100001000011069
1100001000011085
1100001000011044
1100001000011093
1100001000011036
1100001000011101
1100001000011150
1100001000011127
1100001000011168
1100001000011135
1100001000011119
1100001000011176
1100001000011184
1100001000011200
1100001000011192
1100001000011242
1100001000011143
1100001000011226
1100001000011234
1100001000011267
1100001000011283
1100001000011291
1100001000011309
1100001000011218
1100001000011259
1100001000011275
1100001000011317
1100001000011325
1100001000011333
1100001000011341
1100001000011408
1100001000011390
1100001000011424
1100001000011374
1100001000011382
1100001000011358
1100001000011416
1100001000011366
1100001000011432
1100001000011457
1100001000011473
1100001000011440
1100001000011465
1100001000011499
1100001000011523
1100001000011481
1100001000011507
1100001000011515
1100001000011531
1100001000011549
1100001000011556
1100001000011564
1100001000011572
1100001000011614
1100001000011606
1100001000011580
1100001000011598
1100001000011648
1100001000011622
1100001000011655
1100001000011630
1100001000011671
1100001000011663
1100001000011689
1100001000011697
1100001000011713
1100001000011705
1100001000011754
1100001000011739
1100001000011770
1100001000011788
1100001000011747
1100001000011721
1100001000011762
1100001000011804
1100001000011812
1100001000011796
1100001000011853
1100001000011846
1100001000011861
1100001000011838
1100001000011820
1100001000011879
1100001000011929
1100001000011903
1100001000011945
1100001000011895
1100001000011887
1100001000011911
1100001000011937
1100001000011952
1100001000011960
1100001000012000
1100001000011986
1100001000012018
1100001000011978
1100001000011994
1100001000012075
1100001000012091
1100001000012034
1100001000012042
1100001000012026
1100001000012059
1100001000012067
1100001000012117
1100001000012109
1100001000012125
1100001000012158
1100001000012141
1100001000012133
1100001000012166
1100001000012174
1100001000012083
1100001000012190
1100001000012216
1100001000012232
1100001000012224
1100001000012257
1100001000012182
1100001000012240
1100001000012208
1100001000012265
1100001000012315
1100001000012323
1100001000012281
1100001000012331
1100001000012349
1100001000012273
1100001000012364
1100001000012356
1100001000012299
1100001000012380
1100001000012406
1100001000012398
1100001000012372
1100001000012414
1100001000012422
1100001000012307
1100001000012448
1100001000012497
1100001000012455
1100001000012430
1100001000012463
1100001000012489
1100001000012471
1100001000012539
1100001000012513
1100001000012562
1100001000012505
1100001000012521
1100001000012547
1100001000012570
1100001000012588
1100001000012554
1100001000012604
1100001000012596
1100001000012620
1100001000012646
1100001000012661
1100001000012612
1100001000012679
1100001000012703
1100001000012638
1100001000012687
1100001000012695
1100001000012729
1100001000012653
1100001000012711
1100001000012745
1100001000012752
1100001000012802
1100001000012786
1100001000012760
1100001000012778
1100001000012737
1100001000012836
1100001000012851
1100001000012869
1100001000012810
1100001000012794
1100001000012844
1100001000012877
1100001000012828
1100001000012893
1100001000012901
1100001000012935
1100001000012885
1100001000012950
1100001000012943
1100001000012919
1100001000012927
1100001000012968
1100001000012976
1100001000012992
1100001000012984
1100001000013008
1100001000013024
1100001000013016
1100001000013032
1100001000013040
1100001000013057
1100001000013065
1100001000013081
1100001000013073
1100001000013107
1100001000013099
1100001000013131
1100001000013115
1100001000013123
1100001000013149
1100001000013164
1100001000013172
1100001000013180
1100001000013156
1100001000013222
1100001000013198
1100001000013230
1100001000013206
1100001000013248
1100001000013214
1100001000013255
1100001000013297
1100001000013263
1100001000013271
1100001000013289
1100001000013305
1100001000013321
1100001000013313
1100001000013339
1100001000013354
1100001000013388
1100001000013362
1100001000013370
1100001000013404
1100001000013396
1100001000013412
1100001000013347
1100001000013420
1100001000013446
1100001000013438
1100001000013461
1100001000013453
1100001000013479
1100001000013487
1100001000013495
1100001000013503
1100001000013511
1100001000013537
1100001000013529
1100001000013545
1100001000013560
1100001000013578
1100001000013552
1100001000013594
1100001000013586
1100001000013610
1100001000013628
1100001000013602
1100001000013636
1100001000013644
1100001000013669
1100001000013651
1100001000013701
1100001000013677
1100001000013685
1100001000013719
1100001000013727
1100001000013693
1100001000013743
1100001000013768
1100001000013776
1100001000013750
1100001000013735
1100001000013784
1100001000013800
1100001000013826
1100001000013818
1100001000013842
1100001000013834
1100001000013859
1100001000013792
1100001000013867
1100001000013875
1100001000013891
1100001000013883
1100001000013917
1100001000013909
1100001000013933
1100001000013958
1100001000013925
1100001000013941
1100001000013966
1100001000013974
1100001000013982
1100001000014006
1100001000013990
1100001000014014
1100001000014022
1100001000014030
1100001000014055
1100001000014063
1100001000014048
1100001000014071
1100001000014089
1100001000014105
1100001000014097
1100001000014113
1100001000014147
1100001000014121
1100001000014154
1100001000014139
1100001000014162
1100001000014188
1100001000014170
1100001000014204
1100001000014196
1100001000014261
1100001000014220
1100001000014246
1100001000014212
1100001000014238
1100001000014279
1100001000014253
1100001000014287
1100001000014295
1100001000014303
1100001000014329
1100001000014311
1100001000014352
1100001000014345
1100001000014337
1100001000014360
1100001000014394
1100001000014386
1100001000014378
1100001000014428
1100001000014436
1100001000014410
1100001000014444
1100001000014402
1100001000014451
1100001000014485
1100001000014477
1100001000014519
1100001000014501
1100001000014469
1100001000014493
1100001000014535
1100001000014527
1100001000014550
1100001000014568
1100001000014543
1100001000014618
1100001000014592
1100001000014634
1100001000014626
1100001000014576
1100001000014600
1100001000014584
1100001000014642
1100001000014659
1100001000014675
1100001000014709
1100001000014667
1100001000014725
1100001000014683
1100001000014717
1100001000014733
1100001000014691
1100001000014766
1100001000014741
1100001000014774
1100001000014790
1100001000014808
1100001000014758
1100001000014816
1100001000014782
1100001000014857
1100001000014865
1100001000014824
1100001000014873
1100001000014840
1100001000014899
1100001000014881
1100001000014832
1100001000014907
1100001000014915
1100001000014923
1100001000014949
1100001000014956
1100001000014931
1100001000014964
1100001000014972
1100001000014980
1100001000015029
1100001000015003
1100001000014998
1100001000015037
1100001000015011
1100001000015052
1100001000015045
1100001000015060
1100001000015086
1100001000015078
1100001000015102
1100001000015136
1100001000015169
1100001000015144
1100001000015110
1100001000015128
1100001000015094
1100001000015151
1100001000015201
1100001000015177
1100001000015185
1100001000015193
1100001000015227
1100001000015219
1100001000015243
1100001000015235
1100001000015284
1100001000015250
1100001000015276
1100001000015292
1100001000015318
1100001000015268
1100001000015326
1100001000015300
1100001000015367
1100001000015375
1100001000015383
1100001000015359
1100001000015342
1100001000015391
1100001000015334
1100001000015409
1100001000015425
1100001000015433
1100001000015417
1100001000015441
1100001000015458
1100001000015474
1100001000015466
1100001000015490
1100001000015482
1100001000015508
1100001000015524
1100001000015516
1100001000015540
1100001000015557
1100001000015532
1100001000015573
1100001000015565
1100001000015615
1100001000015581
1100001000015599
1100001000015607
1100001000015631
1100001000015623
1100001000015649
1100001000015664
1100001000015672
1100001000015680
1100001000015698
1100001000015714
1100001000015656
1100001000015722
1100001000015706
1100001000015755
1100001000015789
1100001000015730
1100001000015763
1100001000015771
1100001000015748
1100001000015805
1100001000015797
1100001000015813
1100001000015839
1100001000015821
1100001000015847
1100001000015870
1100001000015854
1100001000015862
1100001000015888
1100001000015896
1100001000015946
1100001000015920
1100001000015904
1100001000015938
1100001000015912
1100001000015953
1100001000015995
1100001000015987
1100001000016027
1100001000015979
1100001000016019
1100001000015961
1100001000016001
1100001000016035
1100001000016050
1100001000016043
1100001000016092
1100001000016076
1100001000016068
1100001000016100
1100001000016118
1100001000016084
1100001000016134
1100001000016126
1100001000016142
1100001000016159
1100001000016167
1100001000016175
1100001000016183
1100001000016191
1100001000016217
1100001000016209
1100001000016258
1100001000016225
1100001000016233
1100001000016241
1100001000016266
1100001000016274
1100001000016316
1100001000016324
1100001000016308
1100001000016332
1100001000016357
1100001000016290
1100001000016340
1100001000016282
1100001000016365
1100001000016431
1100001000016415
1100001000016373
1100001000016407
1100001000016399
1100001000016381
1100001000016423
1100001000016449
1100001000016456
1100001000016480
1100001000016472
1100001000016506
1100001000016498
1100001000016514
1100001000016464
1100001000016530
1100001000016548
1100001000016555
1100001000016522
1100001000016571
1100001000016597
1100001000016589
1100001000016563
1100001000016605
1100001000016613
1100001000016621
1100001000016647
1100001000016639
1100001000016654
1100001000016670
1100001000016704
1100001000016662
1100001000016688
1100001000016696
1100001000016738
1100001000016712
1100001000016746
1100001000016720
1100001000016753
1100001000016779
1100001000016761
1100001000016803
1100001000016787
1100001000016795
1100001000016811
1100001000016845
1100001000016878
1100001000016829
1100001000016837
1100001000016852
1100001000016886
1100001000016860
1100001000016902
1100001000016894
1100001000016910
1100001000016936
1100001000016944
1100001000016928
1100001000016951
1100001000016977
1100001000016969
1100001000016985
1100001000016993
1100001000017009
1100001000017017
1100001000017025
1100001000017058
1100001000017033
1100001000017041
1100001000017082
1100001000017108
1100001000017090
1100001000017066
1100001000017116
1100001000017074
1100001000017124
1100001000017132
1100001000017140
1100001000017165
1100001000017173
1100001000017207
1100001000017157
1100001000017199
1100001000017181
1100001000017215
1100001000017223
1100001000017231
1100001000017249
1100001000017272
1100001000017264
1100001000017280
1100001000017256
1100001000017298
1100001000017330
1100001000017314
1100001000017306
1100001000017322
1100001000017363
1100001000017371
1100001000017355
1100001000017348
1100001000017405
1100001000017397
1100001000017389
1100001000017413
1100001000017439
1100001000017447
1100001000017421
1100001000017454
1100001000017488
1100001000017470
1100001000017462
1100001000017504
1100001000017496
1100001000017512
1100001000017538
1100001000017520
1100001000017561
1100001000017553
1100001000017579
1100001000017587
1100001000017546
1100001000017611
1100001000017595
1100001000017603
1100001000017645
1100001000017652
1100001000017629
1100001000017660
1100001000017686
1100001000017678
1100001000017637
1100001000017702
1100001000017728
1100001000017744
1100001000017694
1100001000017710
1100001000017736
1100001000017769
1100001000017751
1100001000017801
1100001000017777
1100001000017785
1100001000017793
1100001000017819
1100001000017827
1100001000017835
1100001000017876
1100001000017843
1100001000017892
1100001000017868
1100001000017850
1100001000017884
1100001000017926
1100001000017959
1100001000017934
1100001000017900
1100001000017942
1100001000017967
1100001000017975
1100001000017918
1100001000018031
1100001000017983
1100001000018015
1100001000018023
1100001000017991
1100001000018007
1100001000018049
1100001000018056
1100001000018106
1100001000018072
1100001000018064
1100001000018114
1100001000018098
1100001000018122
1100001000018080
1100001000018130
1100001000018163
1100001000018171
1100001000018155
1100001000018197
1100001000018189
1100001000018148
1100001000018205
1100001000018221
1100001000018254
1100001000018213
1100001000018239
1100001000018247
1100001000018270
1100001000018296
1100001000018262
1100001000018304
1100001000018288
1100001000018338
1100001000018346
1100001000018312
1100001000018320
1100001000018361
1100001000018379
1100001000018395
1100001000018387
1100001000018403
1100001000018353
1100001000018429
1100001000018437
1100001000018411
1100001000018445
1100001000018452
1100001000018502
1100001000018486
1100001000018510
1100001000018494
1100001000018478
1100001000018460
1100001000018528
1100001000018551
1100001000018585
1100001000018536
1100001000018577
1100001000018569
1100001000018544
1100001000018593
1100001000018627
1100001000018601
1100001000018643
1100001000018619
1100001000018676
1100001000018635
1100001000018718
1100001000018684
1100001000018692
1100001000018726
1100001000018700
1100001000018650
1100001000018668
1100001000018767
1100001000018775
1100001000018783
1100001000018734
1100001000018742
1100001000018809
1100001000018791
1100001000018833
1100001000018825
1100001000018759
1100001000018874
1100001000018858
1100001000018841
1100001000018908
1100001000018817
1100001000018866
1100001000018957
1100001000018924
1100001000018890
1100001000018916
1100001000018940
1100001000018932
1100001000018882
1100001000018965
1100001000019005
1100001000019047
1100001000018999
1100001000018973
1100001000019039
1100001000018981
1100001000019062
1100001000019088
1100001000019021
1100001000019070
1100001000019054
1100001000019096
1100001000019013
1100001000019112
1100001000019161
1100001000019146
1100001000019138
1100001000019153
1100001000019187
1100001000019120
1100001000019104
1100001000019179
1100001000019195
1100001000019229
1100001000019211
1100001000019203
1100001000019245
1100001000019286
1100001000019237
1100001000019278
1100001000019260
1100001000019328
1100001000019252
1100001000019302
1100001000019344
1100001000019351
1100001000019294
1100001000019336
1100001000019310
1100001000019385
1100001000019369
1100001000019401
1100001000019377
1100001000019427
1100001000019435
1100001000019393
1100001000019468
1100001000019419
1100001000019443
1100001000019476
1100001000019492
1100001000019484
1100001000019500
1100001000019534
1100001000019526
1100001000019559
1100001000019450
1100001000019542
1100001000019583
1100001000019609
1100001000019567
1100001000019518
1100001000019591
1100001000019617
1100001000019625
1100001000019575
1100001000019641
1100001000019633
1100001000019666
1100001000019658
1100001000019690
1100001000019724
1100001000019674
1100001000019716
1100001000019682
1100001000019732
1100001000019757
1100001000019708
1100001000019765
1100001000019781
1100001000019807
1100001000019740
1100001000019773
1100001000019823
1100001000019831
1100001000019849
1100001000019799
1100001000019815
1100001000019856
1100001000019880
1100001000019898
1100001000019864
1100001000019906
1100001000019914
1100001000019922
1100001000019930
1100001000019948
1100001000019872
1100001000019963
1100001000019955
1100001000019989
1100001000019971
1100001000019997
1100001000020003
1100001000020011
1100001000020045
1100001000020037
1100001000020078
1100001000020060
1100001000020052
1100001000020029
1100001000020086
1100001000020094
1100001000020102
1100001000020110
1100001000020136
1100001000020144
1100001000020128
1100001000020177
1100001000020151
1100001000020169
1100001000020193
1100001000020185
1100001000020201
1100001000020219
1100001000020227
1100001000020268
1100001000020276
1100001000020284
1100001000020235
1100001000020250
1100001000020243
1100001000020300
1100001000020318
1100001000020292
1100001000020326
1100001000020367
1100001000020342
1100001000020359
1100001000020334
1100001000020375
1100001000020391
1100001000020409
1100001000020383
1100001000020417
1100001000020433
1100001000020425
1100001000020458
1100001000020441
1100001000020466
1100001000020474
1100001000020482
1100001000020516
1100001000020490
1100001000020540
1100001000020508
1100001000020524
1100001000020565
1100001000020532
1100001000020557
1100001000020615
1100001000020573
1100001000020599
1100001000020581
1100001000020607
1100001000020623
1100001000020631
1100001000020649
1100001000020656
1100001000020664
1100001000020698
1100001000020672
1100001000020722
1100001000020706
1100001000020680
1100001000020714
1100001000020730
1100001000020748
1100001000020755
1100001000020771
1100001000020763
1100001000020805
1100001000020789
1100001000020813
1100001000020797
1100001000020821
1100001000020847
1100001000020839
1100001000020862
1100001000020854
1100001000020896
1100001000020888
1100001000020870
1100001000020904
1100001000020912
1100001000020946
1100001000020920
1100001000020938
1100001000020953
1100001000020987
1100001000020961
1100001000020979
1100001000021043
1100001000021001
1100001000021035
1100001000021019
1100001000021027
1100001000021050
1100001000020995
1100001000021092
1100001000021084
1100001000021076
1100001000021068
1100001000021126
1100001000021100
1100001000021118
1100001000021142
1100001000021159
1100001000021134
1100001000021167
1100001000021175
1100001000021183
1100001000021191
1100001000021209
1100001000021233
1100001000021217
1100001000021225
1100001000021241
1100001000021258
1100001000021266
1100001000021282
1100001000021274
1100001000021290
1100001000021308
1100001000021316
1100001000021324
1100001000021332
1100001000021340
1100001000021357
1100001000021365
1100001000021373
1100001000021399
1100001000021381
1100001000021407
1100001000021415
1100001000021423
1100001000021449
1100001000021431
1100001000021456
1100001000021464
1100001000021480
1100001000021472
1100001000021498
1100001000021506
1100001000021514
1100001000021522
1100001000021530
1100001000021548
1100001000021555
1100001000021563
1100001000021571